1
2
3
4
5
8
40
44
58
75
81
82
86
89
98
116
132
143
144
146
150
152
153
154
156
160
161
162
165
167
171
177
178
188
190
195
197
198
204
256
281
283
286
287
289
291
294
309
315
316
317
318
321
333
336
349
366
376
394
395
397
401
405
413
418
420
426
430
431
432
441
446
450
454
466
474
482
491
496
497
503
506
514
515
521
523
525
527
542
543
544
556
560
561
564
566
568
569
571
573
577
587
589
618
623
627
629
634
638
646
650
652
654
658
660
661
663
668
670
674
676
677
682
688
693
696
699
703
708
713
716
718
725
728
729
731
735
737
740
743
744
745
748
753
756
758
764
780
787
795
809
830
847
856
867
870
871
872
879
880
888
897
901
932
933
934
938
940
942
943
944
1004
1038
1053
1054
1057
1059
1063
1069
1071
1072
1073
1074
1075
1088
1090
1091
1098
1099
1100
1102
1103
1106
1111
1112
1115
1133
1239
1269
1287
1311
1312
1313
1315
1321
1344
1357
1358
1360
1364
1385
1388
1390
1412
1444
1455
1471
1472
1477
1485
1501
1525
1566
1568
1576
1578
1661
1734
1772
1801
1819
1855
1860
1889
1997
2025
2095
2102
2126
2225
2269
2270
2294
2314
2329
2346
2348
2409
2487
2493
2736
2836
2840
2845
2934
2977
2979
3071
3196
3198
3229
3406
3559
3588
3863
3872
3914
3918
3930
3937
3947
3950
3968
4022
4087
4118
4184
4213
4290
4306
4407
4411
4421
4439
4482
4492
4504
4508
4539
4576
4610
4618
4692
4817
4916
5043
5107
5111
5113
5146
5151
5185
5282
5283
5287
5292
5294
5297
5309
5319
5320
5321
5367
5369
5372
5377
5378
5386
5389
5445
5503
5607
5638
5639
5641
5856
5861
5880
5885
5891
5994
6010
6034
6097
6160
6186
6206
6216
6223
6229
6235
6241
6243
6247
6266
6388
6408
6534
6607
6636
6645
6654
6674
6689
6853
6900
6946
6999
7020
7026
7064
7066
7075
7081
7094
7100
7108
7141
7150
7155
7162
7163
7167
7168
7169
7173
7174
7175
7181
7187
7188
7191
7193
7202
7204
7205
7206
7208
7215
7218
7239
7246
7252
7257
7260
7264
7269
7270
7272
7275
7278
7281
7283
7307
7310
7325
7358
7363
7364
7365
7367
7368
7372
7377
7378
7380
7386
7387
7390
7411
7430
7432
7553
7556
7559
7560
7561
7566
7569
7590
7707
7735
7737
7743
7748
7754
7755
7802
7838
7850
7856
7860
7867
7868
7873
7877
7886
7889
7891
7895
7913
7918
7921
7922
7925
7930
7935
7937
7944
7946
7949
7950
7953
7982
7991
8008
8028
8047
8054
8063
8066
8068
8070
8072
8074
8075
8078
8081
8084
8087
8091
8096
8097
8104
8108
8134
8142
8148
8157
8161
8162
8183
8188
8196
8209
8216
8229
8236
8242
8253
8261
8274
8277
8282
8285
8331
8338
8341
8343
8350
8355
8361
8362
8366
8371
8377
8386
8388
8392
8396
8418
8421
8424
8432
8434
8445
8452
8454
8458
8461
8463
8465
8473
8481
8486
8495
8514
8609
8641
8663
8669
8676
8683
8690
8729
8740
8748
8752
8785
8789
8798
8903
8928
9027
9035
9043
9056
9058
9063
9067
9078
9081
9083
9089
9091
9103
9121
9128
9129
9134
9135
9142
9143
9147
9149
9158
9159
9163
9165
9166
9168
9174
9176
9199
9217
9232
9237
9240
9246
9260
9268
9288
9292
9296
9299
9301
9303
9307
9312
9316
9332
9350
9368
9371
9377
9382
9384
9385
9386
9394
9410
9415
9418
9420
9430
9453
9465
9471
9476
9482
9492
9510
9530
9581
9585
9592
9597
9598
9601
9603
9606
9609
9610
9612
9618
9622
9625
9629
9631
9633
9635
9637
9639
9644
9647
9649
9655
9656
9715
9734
9759
9764
9778
9794
9798
9826
9842
10199
10251
10294
10379
10384
10426
10656
10693
10737
10791
10806
10811
10850
10856
10859
10874
10876
10884
10892
10908
10915
10931
10943
10978
10980
10987
10990
10998
11006
11016
11019
11023
11024
11028
11030
11032
11035
11042
11053
11059
11063
11068
11072
11078
11081
11083
11085
11090
11101
11158
11165
11173
11180
11190
11197
11204
11205
11206
11214
11216
11264
11269
11303
11315
11344
11345
11348
11351
11352
11358
11364
11367
11369
11372
11376
11379
11381
11382
11386
11388
11391
11395
11397
11398
11399
11401
11402
11403
11404
11405
11406
11408
11409
11410
11411
11412
11413
11415
11416
11417
11418
11419
11420
11422
11424
11425
11426
11427
11429
11432
11435
11436
11438
11442
11446
11448
11451
11453
11455
11456
11460
11461
11465
11466
11467
11468
11469
11471
11472
11473
11474
11476
11500
11518
11523
11547
11563
11567
11575
11629
11631
11633
11634
11635
11639
11650
11651
11652
11653
11656
11660
11691
11707
11756
11765
11768
11772
11788
11978
11982
11990
11995
12004
12024
12090
12100
12107
12117
12128
12131
12132
12133
12134
12135
12136
12138
12140
12147
12156
12167
12171
12174
12187
12190
12192
12195
12198
12199
12202
12204
12206
12214
12271
12277
12280
12284
12323
12370
12453
12457
12479
12482
12483
12485
12493
12503
12507
12518
12539
12546
12551
12554
12583
12623
12638
12639
12681
12684
12695
12705
12725
12739
12748
12757
12760
12783
12791
12796
12797
12800
12802
12870
12876
12916
13082
13147
13182
13186
13187
13191
13199
13201
13233
13238
13267
13270
13275
13300
13317
13955
14083
14088
14212
14298
14373
14378
14560
14620
14660
14745
14928
14982
15003
15026
15083
15173
15277
15292
15316
15326
15328
15416
15779
15783
15787
15872
15879
16068
16321
16331
16370
16399
16408
16483
16499
16501
16560
16917
16966
17161
17278
17286
17295
17422
17517
17736
17737
17946
17951
17955
18000
18099
18216
18237
18240
18336
18362
18366
18498
18534
18535
18550
18745
18789
18805
18822
19014
19081
19105
19125
19338
19413
19484
19541
19546
19557
19563
19569
19577
19588
19591
19596
19600
19605
19609
19707
19768
19809
19814
19821
19860
19939
20026
20460
21195
21196
21198
21200
21201
21651
21659
21685
21695
21716
21736
21790
21801
21811
21866
21908
22633
22649
22651
22656
22657
22664
22667
22671
22676
22679
22687
22688
22691
22692
22693
22699
22702
22708
22719
22724
22738
22765
22855
22857
23118
23390
23392
23400
23404
23442
23444
23445
23498
23501
23526
23538
23540
23640
23718
23757
23767
23797
23852
24354
24384
24489
24862
24905
24925
24956
25107
25116
25222
25224
25235
25236
25241
25257
25261
25265
25268
25276
25284
25293
25308
25312
25314
25324
25326
25329
25336
25341
25350
25356
25358
25363
25364
25365
25367
25368
25371
25374
25375
25379
25391
25401
25403
25419
25428
25434
25437
25439
25440
25441
25442
25445
25497
25510
25522
25546
25557
25587
25615
25653
25814
25857
25900
25902
25916
25934
25950
25956
25978
26006
26012
26050
26075
26084
26125
26185
26240
26272
26308
26314
26336
26371
26377
26381
26383
26388
26473
26513
26538
26540
26552
26623
26626
26721
26736
26838
26868
26899
26911
26963
27004
27022
27046
27058
27094
27133
27137
27172
27205
27207
27335
27366
27406
27468
27509
27589
27686
27731
27841
27939
28065
28077
28244
28257
28319
28350
28358
28367
28425
28437
28472
28507
28512
28524
28598
28602
28640
28653
28692
28734
28745
28813
28823
28856
28877
28893
28914
28967
28997
29075
29171
29175
29182
29269
29320
29401
29496
29524
29536
29539
29548
29553
29572
29627
29977
29993
30081
30085
30103
30121
30153
30185
30216
30263
30576
30849
30869
30972
31087
31207
31431
31448
31528
31728
31732
31856
31895
31900
32043
32063
32098
32112
32446
32489
32566
32766
32778
32789
32815
32921
32929
33049
33136
33138
33143
33146
33196
33198
33199
33202
33203
33215
33226
33231
33248
33251
33289
33311
33384
33387
33390
33442
33487
33506
33513
33514
33521
33525
33526
33527
33538
33565
33577
33583
33685
33702
33705
33728
33738
33741
33745
33754
33767
33829
33831
33837
33892
33971
33972
33979
33997
33999
34027
34030
34049
34057
34064
34069
34090
34095
34113
34129
34172
34178
34228
34255
34257
34271
34284
34302
34362
34379
34384
34396
34486
34493
34508
34516
34577
34581
34583
34620
34627
34636
34678
34679
34698
34706
34726
34749
34763
34770
34777
34812
34876
34956
35032
35047
35102
35127
35224
35245
35269
35277
35345
35395
35470
35473
35505
35509
35517
35518
35535
35666
35667
35668
35669
35722
35726
35740
35760
35798
35805
35831
35833
35850
35855
35856
35865
35869
35872
35874
35929
35934
35972
35986
36050
36108
36133
36146
36155
36161
36192
36224
36236
36244
36279
36293
36348
36368
36380
36383
36389
36396
36442
36465
36477
36496
36510
36534
36539
36633
36653
36669
36689
36715
36727
36734
36747
36751
36790
36794
36834
36858
36864
36871
36908
36928
36933
36934
36940
36956
36957
36961
36963
37038
37068
37073
37077
37083
37105
37110
37129
37137
37147
37187
37221
37226
37260
37425
37437
37477
37484
37501
37507
37525
37547
37555
37558
37560
37602
37643
37654
37681
37686
37726
37732
37739
37748
37813
37828
37845
37853
37868
37930
37970
38066
38142
38348
38404
38423
38433
38499
38592
38695
38720
38746
38774
38789
38848
38859
38867
38918
38933
38964
39018
39072
39086
39222
39286
39427
39546
39552
39572
39594
39614
39624
39631
39645
39680
39689
39731
39777
39798
39809
39816
39825
39833
39837
39861
39864
39888
39918
40015
40050
40088
40089
40157
40171
40178
40218
40231
40276
40283
40292
40348
40357
40415
40477
40540
40558
40561
40609
40614
40631
40634
40754
40763
40821
40831
40843
40858
40861
40867
40878
40924
40936
40949
40953
40998
41075
41083
41097
41112
41171
41176
41177
41207
41213
41253
41271
41291
41299
41301
41323
41354
41397
41425
41466
41478
41482
41487
41493
41509
41534
41551
41560
41571
41576
41581
41583
41591
41630
41690
41692
41710
41716
41760
41767
41796
41861
41958
41994
42008
42046
42138
42177
42195
42225
42240
42250
42278
42295
42302
42320
42329
42365
42372
42385
42388
42395
42470
42501
42515
42527
42534
42586
42602
42603
42621
42699
42762
42767
42804
42857
42876
42918
42927
42934
42937
42967
42973
42982
42989
43006
43010
43015
43017
43024
43035
43054
43059
43091
43109
43114
43115
43116
43142
43173
43175
43177
43183
43193
43200
43229
43238
43260
43283
43302
43338
43343
43412
43450
43455
43483
43501
43514
43518
43521
43533
43616
43619
43648
43656
43702
43801
43806
43812
43987
44325
44342
44363
44405
44432
44448
44455
44494
44497
44528
44539
44595
44602
44613
44619
44626
44631
44703
44722
44727
44746
44777
44782
44789
44810
45003
45045
45089
45199
45382
45393
45422
45529
45532
45556
45621
45701
45722
45728
45774
45803
45805
45810
45922
45969
45996
46006
46083
46169
46202
46221
46255
46261
46276
46299
46309
46335
46344
46384
46452
46686
46699
46721
46805
46825
46831
46834
46839
46889
46947
46952
46961
47041
47051
47069
47089
47092
47146
47158
47253
47263
47273
47307
47315
47319
47417
47433
47499
47506
47512
47528
47542
47555
47568
47574
47577
47591
47657
47715
47740
47783
47790
47859
47883
48143
48178
48196
48227
48228
48235
48249
48264
48282
48286
48314
48318
48324
48352
48420
48422
48428
48442
48444
48634
48803
48963
49008
49084
49228
49371
49376
49385
49389
49390
49393
49444
49476
49542
49546
49703
49757
49776
49822
49836
49845
49848
49892
49970
50030
50053
50675
50690
50698
50769
50868
51122
51363
51501
51617
51619
51620
51621
51628
51633
51645
51646
51648
51658
51993
52090
52106
52107
52109
52120
52139
52151
52353
52371
52653
52858
52948
52954
53121
53476
53480
53636
53663
53706
53754
53860
54050
54111
54124
54128
54196
54237
54277
54505
54831
54837
54852
55439
55488
55638
55639
55640
55810
56067
56139
56463
56515
56975
56988
57036
57821
57831
58447
58635
58697
58702
58734
58778
58848
58854
58929
58964
58968
59172
59816
60168
60186
60195
60227
60235
60242
61002
61065
61233
61457
61465
61476
61509
61515
61865
61883
62100
62412
62614
62736
62825
62832
62955
63085
63973
64365
64386
64403
64418
64900
65955
65979
66086
66295
69370
69598
69798
69883
70702
71516
72277
72313
72468
73633
73741
73984
74217
74560
75507
75520
75809
75813
75826
75839
75855
75865
76026
76250
76259
76267
76274
76280
76402
76418
76436
76469
76475
76557
76560
76611
76973
77115
77590
77604
78961
78987
78994
79064
79218
79460
79529
79602
79751
79785
79793
79798
79838
79871
79890
79896
79899
79913
79928
79932
79995
80005
80019
80026
80071
80083
80091
80113
80117
80130
80131
80174
80205
80228
80250
80294
80330
80638
80831
80837
80839
80863
80895
80930
80962
80968
80994
81009
81025
81054
81058
81096
81103
81110
81136
81163
81166
81197
81225
81228
81235
81375
81392
81406
81464
81666
81672
81727
81741
81809
81938
81944
82001
82264
82414
82480
82562
82571
82580
82586
82594
82604
82622
82642
82650
82664
82682
82794
82806
82811
82818
82821
82866
82955
82957
82996
83012
83030
83034
83042
83087
83090
83094
83124
83177
83180
83181
83187
83188
83197
83201
83207
83213
83219
83222
83296
83301
83307
83310
83319
83320
83330
83337
83345
83353
83357
83364
83368
83371
83437
83440
83462
83464
83500
83504
83588
83692
83864
83871
83902
83922
83937
84133
84230
85502
86394
87167
87779
92251
93165
93184
93190
93200
93204
93241
93249
93267
93301
93315
93344
93935
93978
94916
94920
96286
100159
101004
101017
101026
101065
101072
101274
101333
101352
101401
101462
101487
101497
101659
101667
101680
101687
101849
101873
101879
101896
101929
101935
101965
101991
102047
102066
102078
102165
102205
102251
102296
102416
102496
102532
102626
102686
102742
102761
102786
102857
102904
103076
103129
103135
103142
103191
103223
103230
103350
103459
103480
103537
103606
103808
103817
103824
103910
103924
103983
104021
104053
104085
104162
104168
104212
104219
104280
104319
104444
104499
104526
104541
104614
104687
104843
105173
105186
105190
105196
105210
105368
105402
105420
105434
105499
105522
105537
105580
105630
105650
105688
105738
105789
105943
105985
106085
106224
106526
106687
106713
106782
106833
107027
107172
107211
107231
107238
107342
107425
107429
107617
107647
107711
107715
107968
107988
108000
108200
108212
108325
108376
108429
108458
108640
108662
108689
108728
109196
109251
109856
111059
111092
111140
111146
111161
111180
111306
112211
114046
114085
114403
114504
114750
115238
115940
116213
116269
116890
116907
117060
117247
117332
118301
118365
118801
119094
119830
120228
120395
120490
120569
120843
120877
121041
121176
121182
121221
121254
121359
121393
121416
121438
121713
121998
122043
122173
122224
122398
122422
122653
122783
122960
122981
123006
123028
123141
123300
123432
123452
123509
123524
123619
123637
123705
123991
124072
124100
124131
124164
124274
124282
124291
124407
124441
124490
124604
124714
124734
124794
124862
124871
124900
124946
124969
124988
125375
125576
125740
125977
126017
126306
126553
126692
126807
126842
126888
127060
127076
127197
127213
127245
127450
127498
127595
127683
127702
127724
127751
127900
127933
127950
127993
127995
128015
128093
128115
128135
128168
128257
128393
128406
128430
128570
128593
128635
128685
128709
128751
128758
128991
129104
129270
129279
129324
129558
129628
129958
130336
130352
130614
130654
130693
130741
130760
130768
130781
130788
130825
130881
130888
130914
130949
130971
130983
130989
130999
131015
131026
131027
131036
131080
131084
131089
131123
131129
131130
131132
131133
131143
131156
131165
131172
131187
131189
131201
131207
131214
131221
131222
131246
131257
131265
131268
131269
131271
131288
131313
131316
131327
131342
131361
131395
131427
131436
131449
131479
131488
131505
131510
131512
131524
131536
131539
131543
131557
131569
131572
131607
131645
131647
131649
131668
131681
131683
131711
131714
131736
131742
131746
131749
131752
131774
131800
131808
131841
131848
131877
131924
132001
132063
132137
132196
132265
132311
132325
132453
132469
132501
132539
132560
132592
132603
132609
132612
132621
132629
132781
132814
132821
132859
132911
132922
132971
132987
133056
133067
133076
133078
133080
133087
133145
133156
133163
133182
133194
133201
133212
133215
133220
133226
133235
133244
133279
133283
133311
133327
133333
133363
133442
133485
133500
133516
133585
133641
133673
133696
133712
133738
133772
133780
133805
133823
133900
133948
133971
134052
134102
134114
134119
134147
134154
134161
134172
134178
134192
134193
134194
134196
134219
134267
134301
134307
134313
134435
134447
134550
134583
134609
134624
134649
134658
134681
134737
134747
134768
134787
134808
134830
134859
134938
134955
134995
135010
135022
135712
136575
136689
136822
136851
137056
137073
137103
137597
138045
138617
138659
138681
138775
138919
139143
140067
140732
140845
141022
141488
141495
142031
142698
142714
143217
143447
143487
143623
143746
143873
143912
143983
144075
144144
144412
144713
144940
145765
145794
145825
145852
145869
145903
145977
145992
146030
146037
146071
146212
146243
146326
146400
146439
146470
146491
146505
146578
146591
146665
146701
146911
146992
147085
147105
147276
147316
147618
147778
147827
148030
148134
148151
148836
148837
148993
149128
149273
149348
149789
150330
150701
150839
150986
151005
151250
151313
151480
151722
151843
151942
151980
152004
152005
152018
152024
152065
152074
152079
152081
152100
152213
152218
152234
152255
152282
152311
152401
152763
152827
153650
153861
153875
154031
154242
154326
154365
154549
154666
154668
154720
154764
154865
154869
154874
154878
154954
155059
155076
155098
155630
155640
155656
155736
155833
155843
155848
155867
155890
155891
155925
155938
155941
155966
155997
156005
156007
156050
156060
156064
156091
156103
156104
156106
156112
156117
156141
156223
156251
156318
156338
156495
156529
156551
156554
156563
156569
156579
156584
156589
156595
156607
156631
156679
156680
156682
156698
156733
156744
156839
156849
156859
156864
156871
156888
156901
157008
157017
157115
157119
157151
157164
157171
157188
157195
157375
157479
157484
157512
157570
157661
157811
157833
157881
157943
158018
158054
158480
158487
158703
158716
158797
158852
158974
158981
159072
159226
159236
159241
159344
159354
159385
159394
159408
159426
159429
159452
159557
159559
159563
159683
159701
159715
159719
159731
159733
159791
159857
159888
159943
159950
159964
160039
160066
160085
160091
160131
160151
160184
160211
160218
160381
160398
160402
160474
160580
160590
160598
160645
160653
160738
160742
160821
160835
160843
160845
161064
161078
161098
161157
161165
161179
161185
161210
161219
161233
161249
161254
161272
161380
161387
161398
161424
161437
161493
161500
161519
161524
161635
161696
161733
161764
161790
161837
161851
161928
161944
162085
162145
162219
162244
162297
162313
162314
162378
162401
162527
162555
162564
162606
162633
162643
162657
162678
162867
162908
162925
163025
163082
163140
163265
163323
163446
163491
163629
163656
163698
163770
163829
163891
163942
163943
164142
164160
164204
164271
164359
164386
164399
164411
164444
164655
164727
164800
164818
164828
165005
165028
165044
165074
165112
165191
165328
165354
165425
165435
165580
165632
165647
165666
165678
165704
165725
165740
165758
165800
165838
165853
165859
165947
165950
165963
166005
166019
166030
166118
166231
166257
166332
166376
166502
166542
166543
166546
166564
166583
166593
166620
166713
166735
166816
166861
166886
166898
166955
167178
167197
167198
167270
167312
167323
167346
167651
167741
167810
167844
167903
167918
167934
168002
168247
168338
168414
168432
168456
168473
168525
168658
168796
168800
168805
168817
168845
168983
169019
169031
169180
169207
169342
169357
169382
169444
169470
169545
169560
169917
169921
169940
169953
169994
170002
170037
170050
170054
170065
170082
170102
170161
170167
170196
170198
170201
170207
170208
170258
170285
170304
170334
170337
170384
170393
170397
170406
170409
170412
170439
170474
170480
170486
170518
170519
170537
170538
170539
170552
170571
170585
170591
170593
170595
170611
170612
170658
170731
170737
170744
170749
170758
170774
170790
170835
170907
170912
170924
170931
170978
170980
170990
171004
171038
171043
171064
171076
171171
171174
171180
171184
171201
171251
171283
171318
171401
171416
171425
171495
171516
171529
171558
171841
171892
171899
171917
171947
171995
172145
172275
172290
172331
172563
172605
172645
172663
172778
172809
172847
172896
172904
172937
172941
172948
172980
173022
173034
173077
173091
173183
173235
173242
173350
173387
173436
173457
173517
173612
173710
173725
173782
174053
174102
174174
174211
174219
174396
174471
174546
174577
174589
174705
174726
174778
174782
174793
174834
174857
174864
174873
174876
174923
174936
174984
175002
175111
175156
175166
175199
175233
175449
175621
175763
175821
175854
176140
176353
176467
176483
176503
176623
176637
176645
176649
176741
176996
177051
177105
177220
177232
177254
177266
177275
177332
177342
177409
177413
177625
177634
177635
177708
177719
177734
177764
177765
177777
177784
177807
177826
177879
177907
177911
177941
178022
178026
178054
178061
178066
178069
178074
178089
178108
178131
178150
178169
178190
178194
178197
178224
178263
178266
178275
178331
178354
178380
178401
178436
178459
178476
178512
178521
178540
178559
178561
178593
178605
178651
178659
178668
178671
178674
178678
178692
178694
178697
178715
178743
178780
178790
178795
178801
178841
178850
178859
178898
178921
178934
178947
178973
178977
179023
179043
179049
179057
179073
179098
179115
179121
179132
179161
179179
179217
179222
179226
179235
179246
179271
179289
179348
179366
179388
179399
179415
179442
179461
179465
179467
179472
179509
179541
179591
179615
179630
179651
179661
179671
179687
179700
179723
179724
179731
179742
179744
179805
179875
179885
179899
179945
179951
179957
179964
179965
179991
180044
180095
180115
180152
180160
180170
180173
180184
180253
180266
180323
180341
180348
180454
180472
180490
180494
180502
180507
180556
180569
180600
180621
180623
180644
180664
180684
180688
180744
180762
180846
180856
180902
180912
180913
180933
180935
180951
180953
180969
181001
181003
181020
181032
181066
181100
181133
181136
181138
181207
181247
181260
181264
181277
181287
181292
181322
181332
181348
181381
181391
181395
181465
181469
181485
181505
181510
181537
181543
181602
181623
181699
181733
181754
181780
181790
181802
181839
181876
181916
182045
182076
182103
182116
182121
182155
182168
182180
182207
182242
182263
182267
182274
182290
182304
182329
182338
182357
182393
182413
182436
182442
182468
182545
182547
182557
182570
182590
182603
182634
182639
182672
182676
182687
182722
182731
182854
182863
182895
182916
182940
182968
182978
182985
183011
183057
183061
183091
183130
183216
183225
183236
183244
183257
183308
183318
183319
183350
183366
183392
183410
183414
183425
183448
183481
183560
183605
183686
183759
183959
183984
184084
184172
184186
184190
184196
184197
184199
184202
184204
184207
184208
184215
184238
184240
184274
184296
184303
184356
184357
184373
184398
184421
184439
184452
184511
184524
184550
184554
184558
184559
184564
184627
184651
184664
184674
184711
184719
184726
184753
184755
184782
184783
184806
184814
184817
184832
184840
184872
184890
184949
184996
185006
185027
185034
185035
185056
185076
185080
185089
185092
185098
185120
185133
185137
185138
185167
185187
185196
185217
185243
185252
185317
185325
185351
185357
185411
185451
185455
185529
185557
185589
185600
185606
185676
185681
185690
185698
185716
185785
185925
185943
185957
185963
185969
185973
185981
185985
185992
186005
186011
186029
186075
186101
186154
186161
186167
186240
186300
186302
186319
186334
186356
186360
186361
186363
186368
186370
186393
186414
186424
186427
186431
186446
186470
186474
186509
186517
186529
186554
186579
186649
186676
186713
186752
186778
186889
186892
186915
186986
187021
187045
187082
187097
187117
187126
187156
187181
187204
187234
187235
187255
187388
187449
187456
187526
187588
187607
187616
187631
187646
187661
187668
187704
187706
187742
187776
187780
187791
187833
187860
187900
187909
187916
187921
187939
187956
187997
188008
188055
188056
188094
188154
188215
188218
188245
188251
188321
188360
188387
188403
188417
188444
188447
188451
188456
188462
188473
188479
188485
188504
188506
188524
188543
188572
188584
188605
188613
188619
188628
188631
188638
188651
188666
188672
188681
188715
188719
188728
188734
188739
188741
188745
188748
188761
188790
188804
188823
188840
188843
188844
188862
188863
188867
188889
188906
188924
188956
188961
188968
188976
188989
189010
189033
189072
189085
189090
189131
189201
189204
189222
189225
189279
189331
189349
189380
189389
189409
189418
189445
189459
189470
189520
189522
189548
189553
189561
189567
189570
189580
189588
189594
189598
189621
189637
189643
189673
189713
189720
189724
189743
189746
189753
189763
189784
189790
189804
189829
189859
189867
189961
189962
189973
190003
190004
190007
190009
190012
190016
190035
190044
190052
190056
190065
190070
190077
190084
190100
190102
190117
190120
190122
190132
190140
190143
190149
190156
190161
190199
190200
190218
190227
190241
190258
190259
190265
190279
190334
190375
190382
190399
190401
190408
190507
190528
190549
190553
190581
190656
190672
190721
190858
190873
190875
190878
190901
190903
190928
190940
190965
190975
190993
190996
191010
191051
191069
191076
191089
191105
191134
191154
191222
191306
191316
191320
191341
191355
191359
191360
191381
191431
191488
191489
191503
191552
191600
191624
191631
191667
191675
191700
191776
191778
191779
191807
191808
191826
191839
191851
191890
191907
191924
191934
191978
191989
192060
192065
192068
192077
192089
192096
192100
192105
192120
192121
192141
192150
192154
192161
192164
192186
192190
192191
192234
192270
192275
192276
192280
192292
192296
192355
192375
192386
192398
192401
192411
192414
192419
192420
192421
192425
192499
192520
192521
192524
192596
192611
192619
192624
192625
192627
192639
192656
192658
192664
192674
192694
192717
192746
192760
192781
192796
192803
192852
192880
192886
192891
192900
192905
192906
192930
192970
192989
192995
193003
193006
193017
193036
193057
193061
193073
193078
193086
193091
193101
193104
193121
193124
193135
193140
193145
193166
193170
193188
193195
193203
193206
193210
193217
193219
193279
193311
193359
193378
193387
193389
193394
193395
193414
193418
193430
193432
193434
193442
193447
193463
193475
193514
193544
193572
193583
193589
193598
193603
193606
193626
193627
193663
193664
193756
193770
193840
193841
193866
193889
193891
193893
193894
193918
193934
193942
193970
193974
193977
194029
194101
194118
194154
194166
194168
194177
194181
194207
194270
194290
194292
194294
194306
194322
194326
194380
194397
194406
194411
194489
194497
194515
194520
194523
194908
195605
196372
196538
196672
196939
196995
197195
198763
199169
199182
199403
199602
199615
199655
199657
199687
199695
199701
199788
199906
200092
200141
200184
200250
200253
200286
200297
200303
200325
200334
200464
200481
200535
200538
200655
200656
200779
200781
200787
200790
200802
200855
200966
200995
201022
201048
201180
201321
201382
201424
201559
201571
201620
201650
201666
201676
201783
201851
201898
201959
201984
201989
202013
202251
202253
202255
202261
202283
202325
202387
202390
202398
202501
202527
202758
202785
202837
202843
202866
202906
203204
203222
203494
203516
203601
203635
203775
203824
203872
203874
204015
204034
204056
204079
204100
204686
204714
204832
204861
204867
204886
204896
204933
204952
204992
205084
205194
205256
205276
205302
205451
205470
205555
205647
205654
205665
205754
205764
205768
205887
205966
205972
206021
206060
206091
206221
206229
206280
206287
206330
206338
206615
206717
206778
206901
206925
206930
206936
206937
206976
206979
206989
207011
207079
207087
207092
207122
207125
207172
207315
207327
207333
207340
207367
207445
207449
207456
207469
207547
207550
207576
207591
207628
207648
207652
207686
207714
207721
207726
207741
207761
207822
207829
207855
207892
207894
207930
207934
207937
207946
207952
208049
208080
208111
208128
208144
208145
208147
208160
208163
208165
208195
208202
208300
208351
208373
208412
208414
208490
208492
208543
208628
208697
208701
208791
208800
209233
209295
209306
209402
209465
209564
209572
209602
209642
209647
209663
209681
209704
209715
209717
209722
209727
209733
209741
209815
209894
209896
209907
210028
210064
210077
210115
210127
210189
210369
210377
210385
210403
210420
210427
210439
210501
210506
210603
210841
210854
210861
210882
210890
210975
210980
211011
211031
211050
211067
211101
211171
211198
211248
211367
211382
211387
211420
211503
211569
211578
211601
211669
211745
211775
211884
211891
211935
212021
212024
212093
212108
212112
212148
212238
212239
212254
212328
212344
212354
212364
212410
212658
212743
212749
212774
212798
212803
212805
212809
212892
212894
212895
212920
212936
212940
212948
213050
213096
213100
213185
213204
213371
213376
213403
213441
213456
213461
213534
213580
213673
213686
213713
213725
213753
213788
213810
213901
213926
213984
214092
214166
214169
214183
214214
214255
214267
214334
214339
214462
214500
214519
214577
214609
214634
214719
214724
214769
214863
214881
214912
214963
215044
215084
215108
215118
215168
215184
215198
215262
215281
215405
215495
215501
215536
215548
215551
215558
215620
215635
215760
215768
215803
215862
215865
216040
216048
216146
216200
216208
216211
216212
216235
216285
216320
216507
216545
216634
216635
216665
216774
216852
216860
216861
216973
217102
217111
217123
217164
217175
217199
217227
217357
217405
217425
217813
217927
217972
218155
218234
218248
218277
218385
218778
219067
219087
219102
219143
219186
219201
219239
219285
219345
219477
219540
219616
219626
219637
219645
219934
220229
220322
220395
220551
220570
220783
220788
220841
220849
220869
220971
221159
221179
221205
221284
221375
221409
221441
221620
221686
221722
221911
222046
222174
222249
222405
222634
222749
222958
223044
223050
223143
223197
223254
223266
223268
223393
223590
223591
223600
223639
223642
223681
223693
223705
223750
223795
223842
223867
223871
223876
223904
223911
223930
223968
223978
224058
224100
224107
224128
224135
224205
224366
224378
224433
224581
224621
224821
224945
225045
225065
225101
225229
225446
225565
225725
225763
225776
225791
225802
225833
225856
225862
226006
226058
226095
226169
226245
226497
226521
226619
226621
226623
226624
226640
226669
226697
226730
227301
227323
227613
227644
227672
227720
227794
227812
227874
228002
228036
228039
228044
228045
228145
228183
228210
228241
228254
228284
228306
228558
228615
228636
228797
228919
229246
229256
229267
229289
229422
229454
229823
229984
230108
230234
230386
230524
230533
230731
230752
231002
231014
231088
231250
231425
231458
231612
231631
231685
231761
231775
232207
232358
232431
232663
232853
232976
233003
233293
233316
233324
233620
233762
233858
233861
233988
234020
234150
234181
234213
234460
234870
234881
234901
234904
234953
235038
235113
235589
235779
235858
235879
235969
236371
236761
237157
237200
237232
237789
237893
238053
238170
238323
238350
238372
238499
238526
238851
239526
239602
239762
240126
240141
240433
240470
240553
240728
241243
241501
241534
241588
241636
241687
241724
241906
242009
242080
242160
242165
242468
242510
242517
242644
242677
242693
242715
243080
243253
243289
243330
243333
243354
243455
243469
243519
243545
243551
243558
243570
243688
243748
243784
243992
243998
244226
244404
244680
244752
244772
244909
245016
245122
245179
245336
245341
245590
245741
245992
246068
246084
246090
246128
247198
247506
247701
247830
247976
248140
248350
248577
248698
249716
249778
249997
250694
251139
251898
252053
252185
252266
253140
253567
254106
254213
254502
254508
254634
255586
255722
256570
256699
256922
257868
258127
258915
259209
259567
259745
259838
260732
261327
261362
261363
261993
262094
262533
262759
263229
263307
263421
263443
263478
263937
264118
264543
264892
265094
265158
265204
265799
266210
266790
267200
267596
267907
268205
268292
268378
268493
268547
268930
269195
270105
270642
270710
271021
271026
271277
271582
271588
271663
271707
271794
271837
271943
271969
271977
271993
272021
272026
272051
272399
272436
272444
272458
272474
272893
272921
273023
273088
273131
273144
273163
273285
273320
273395
273510
273554
273663
274053
274072
274079
274490
274493
274515
274988
275051
275157
275372
275456
275466
275473
275603
276183
276223
276258
276412
276453
276548
276985
277510
277569
277954
278061
278515
278784
278818
278854
280027
280692
280817
280855
281082
281108
281126
281473
281490
281928
282049
282244
282317
282445
282744
283308
283364
283534
283987
283990
284164
284256
284465
284787
284938
284959
285661
285719
285881
286017
286088
286388
287135
288263
288928
289600
290248
290473
290493
290912
292165
292572
292656
292933
293080
293648
294079
294199
294240
294316
294440
294715
294834
295517
295868
296358
296699
297036
297672
298230
298236
298256
298690
298936
299591
299778
299869
302132
302497
302542
303231
303239
303479
304601
304952
305186
305681
307043
308495
308678
308841
308859
308968
309070
309082
309250
309328
309465
309471
309497
310229
310266
310489
311055
311255
311275
312214
313323
313326
313358
313614
313742
314112
317617
318005
318296
318394
318623
318668
319312
319317
319372
319577
319616
319622
319680
319891
320033
320389
320584
321053
321150
321237
321249
321263
321710
322212
322251
322994
323069
323808
323840
323996
324089
324509
324617
324921
324926
326071
326124
326224
326255
326277
326358
326478
326561
326648
326710
326827
327008
327018
327029
327055
327082
327092
327152
327223
327496
327657
327663
327754
328142
328712
328716
328799
328945
329303
329618
329726
329737
329821
331055
331273
331341
331439
331483
331563
332007
332084
332278
332285
332823
332880
332997
333024
333076
333291
333458
333631
334104
334166
334231
334486
334637
334655
334727
335057
335225
335272
335288
335297
335632
335652
335757
336181
336191
336289
336358
336989
337188
337231
337247
337349
337492
337547
337907
337998
338106
338199
338353
338621
339051
339053
339180
339221
339587
339747
339866
339975
340015
340248
340594
340625
340686
340724
341066
341201
341284
341471
341685
341854
342041
342068
342250
342849
343113
343363
343484
343490
343504
343907
344161
344222
344298
344475
344662
344762
344956
345162
345181
345280
345361
346059
346082
346233
346264
346481
346575
346621
346692
346770
346814
346914
346922
347694
347789
347884
349054
349310
349769
349967
350073
350151
351116
351363
351712
352103
352181
352329
352996
353228
354091
354255
355158
355170
355224
355357
355415
355601
355615
355736
355963
356239
356243
356257
356405
356608
356617
357104
357519
357962
358333
358768
360418
363493
363752
363948
363958
364110
364340
365832
365969
366303
366732
366791
367125
367423
367523
367756
367914
367994
368562
368646
368949
369042
369148
369309
369570
369747
370735
371174
371276
371383
371631
371909
372016
372301
372474
372765
372934
373069
373085
373597
373772
373822
374535
375112
375728
375795
375914
376022
376292
376317
376596
376666
376680
376724
376789
376924
377435
377978
378154
378426
378534
378701
379418
379424
379579
379693
379697
379755
379764
379838
379885
380141
380170
380313
380344
380351
380616
380675
380677
380679
380767
380962
380967
380971
381045
381053
381061
381105
381165
381899
382113
382441
382520
382783
382994
383836
384014
384214
384221
384840
384871
385166
385239
385378
386302
386319
386633
386715
386853
387916
388162
388207
388388
388626
388628
389137
389654
389745
389782
390305
391156
391240
391690
391744
392536
392933
392990
393766
393919
394320
394979
395002
395012
395076
395098
395239
395636
396013
396118
396120
396198
396340
396361
397036
397063
397098
397164
397315
397535
397584
397799
397859
398053
398089
398346
398628
399555
399857
400405
400491
401793
402549
402581
402701
402727
402781
402870
403191
403326
403419
403474
403731
403742
404215
404330
404645
405033
405360
405366
405976
406310
406475
407131
407142
407172
407270
407290
407308
407355
407438
407467
407490
407553
407627
407646
407674
407693
407747
407752
407758
407931
407936
407993
408014
408068
408284
408384
408386
408649
408805
408925
409021
409137
409166
409178
409211
409415
409485
409492
409493
409545
409641
409658
409747
409752
409770
409872
409878
410056
410130
410172
410255
410278
410374
410407
410420
410491
410568
410723
410846
410851
411041
411047
411138
411240
411309
411329
411532
412106
412180
412205
412212
412304
412382
412393
412841
413288
413469
413638
413937
413974
414004
414415
414555
414560
414774
414983
415445
415635
415830
415833
415837
415917
415992
416016
416447
416589
416740
416883
416950
417424
417571
417750
417948
418351
418418
418527
418750
418776
419189
419201
419287
419566
419584
419763
419883
420107
420280
420576
420686
420921
421095
421115
421123
421291
421700
421724
421758
421801
421814
421831
421916
421918
421968
422008
422080
422092
422106
422203
422244
422268
422423
422449
422462
422482
422549
422642
422666
422676
422687
422694
422755
422812
422899
422956
423037
423042
423185
423208
423261
423741
423820
423912
424242
424275
424288
424418
424525
424724
424972
424976
425056
425128
425240
425536
425694
425698
425779
425832
426199
426675
426955
427810
428253
428352
428382
428691
428914
428995
429500
429681
429811
430297
430898
431602
431643
431712
432016
438502
440311
440317
440460
442615
442694
443408
443955
446125
446523
447131
447546
447648
447725
447852
448030
448244
448310
448926
451751
452244
452421
452648
453507
453514
454263
454746
454812
455422
455550
457515
459426
459494
460501
461183
461319
461674
461696
461917
462113
462437
462748
463057
463418
463516
463637
464067
464100
464458
464543
464555
464561
464859
465274
465434
465444
465627
465800
465899
466544
466938
466952
467011
467042
467064
467356
467606
467635
467687
467980
468402
468414
468427
468495
468777
468787
468804
468823
471706
471839
471846
471855
471857
471906
472074
472246
472664
472773
472827
473003
474100
474191
474200
474959
475042
476028
476112
476115
476118
476294
476796
476921
477248
477396
477415
477683
477738
477973
478004
478186
478389
478798
479257
482853
482919
482980
482994
482999
483024
483110
483130
483169
483213
483242
483247
483444
483453
483501
483610
483889
483921
483978
483998
484105
484131
484181
484260
484284
484298
484416
484511
484652
484761
484830
484847
484954
485100
485446
485459
485520
485537
485669
485762
485846
486050
486244
486296
486485
486680
486748
486775
486839
486902
487005
487112
487286
487623
487756
487865
487875
487937
488059
488205
488532
488950
489209
489328
489750
490149
491672
494603
495527
496696
497232
497263
498957
499094
499134
499146
499312
500094
500096
500184
500251
500394
500816
501571
501700
501728
501764
501829
501908
502159
502261
502339
502704
502730
502781
502918
503288
503354
503629
503708
503958
504073
504514
504790
505142
505213
505748
506126
506132
506229
506572
506588
506616
506674
506839
506923
507369
507443
507738
508465
508748
509331
509344
509379
510236
510473
510565
511097
511866
513177
513550
514686
514873
515194
515255
515601
517258
517596
519029
519368
519967
520032
520549
520611
523536
523893
524461
524884
526834
526930
527605
527628
527811
527891
529720
529903
530120
530137
531471
531849
533090
533614
533734
533776
534043
534381
535364
535695
535814
535958
536269
536327
536446
537151
537243
537576
537750
537918
537963
538336
538934
539106
539615
539690
539728
540571
540684
540850
540867
540912
541244
541598
541959
542036
542869
543358
543901
544015
545349
545449
545825
545991
546440
546523
546583
548144
548320
548692
548940
549563
550675
552082
552130
552348
552456
554201
555066
555118
555816
557945
558066
558077
558230
558363
558571
559518
559597
564606
565276
567586
568358
568997
569406
569616
570197
570260
570341
570607
570711
571571
572024
572294
572298
572411
573181
574329
574360
574491
574696
574784
574801
574841
574981
574985
575136
575890
576104
576618
576913
577395
577622
577889
578172
578726
578994
579361
579418
579665
580101
580270
580285
580462
580506
580725
580754
580941
581996
582372
582577
582687
583269
583271
583353
583467
583580
583791
583908
583924
584084
584157
584211
584560
584804
585305
585595
586163
586474
586686
587309
587735
587862
588750
589260
589596
589965
590742
591041
591569
592177
592324
593644
594037
594316
594452
594595
594939
595650
595658
595731
595850
596373
596579
596860
599027
599991
600580
600846
601037
601401
601444
601802
602222
602740
603399
603502
605006
605396
607081
607728
608487
609089
609202
609298
609819
610018
610687
611217
611571
612093
612254
612681
614082
614156
615923
616087
616175
616481
617075
617079
617315
617316
617793
618211
618324
618563
618752
618779
619458
619610
619632
619671
619760
620595
620629
620749
620805
620995
621184
622439
622440
622527
622645
622669
622676
622679
622753
622772
622825
622857
622938
623106
623164
623169
623289
623455
623513
623692
623971
624036
624161
624587
624758
625143
625145
625506
626021
626510
626700
626990
627219
627313
627364
627368
627603
628179
628455
628490
628764
628967
629444
629589
630013
630281
631286
631521
631942
632032
632078
632814
633339
633403
633730
634028
634036
634314
634755
634965
635162
635658
636846
637017
637284
637533
637776
638094
638328
638755
639197
639669
640047
640104
640214
641118
641406
641973
642555
642598
642861
644238
644971
645011
645450
645767
645858
645883
646164
646322
646664
646882
647099
647349
648056
648116
648314
648601
648995
649022
649134
649717
650050
650197
650276
650401
650462
650483
650702
650711
650891
650912
651012
651205
651223
651345
651361
653027
653197
653305
653318
653928
653971
654390
654426
654824
655288
655301
655501
656365
656612
656950
657246
657304
657632
657665
657819
658065
658525
658544
658574
659216
659396
659629
660088
660498
660910
661045
661467
662183
662862
662961
663395
663902
664174
664439
664495
665021
665247
665487
667481
667672
667933
668064
668460
669262
669391
669777
670353
671024
671670
671776
672603
673083
673203
674067
674407
674484
674950
675059
675316
675754
677065
677316
677393
677640
678132
678146
678207
678522
679643
679690
680158
681160
681449
681562
681798
682483
682496
683010
683238
683455
683498
683732
683770
684383
684751
684924
685035
685206
685744
686027
686261
686353
686822
686980
687343
688292
688510
688576
689022
689985
690032
690076
690133
690140
690200
690851
690869
691101
691653
691810
692327
692799
693033
693058
693078
693282
693442
693726
693981
694019
694114
694190
694255
694579
694642
694899
695430
695521
695793
696116
696160
697141
697279
697295
699126
699386
699602
701215
702232
703934
704206
705497
705920
706601
707326
707388
707482
707540
707619
707748
707896
708232
708363
708399
708438
708693
712294
712604
712967
713102
714737
714750
715347
719426
719723
719861
720362
720899
721587
721849
721856
722131
722604
723758
723912
724321
724351
724473
724950
725158
725508
725864
725939
726118
726474
726543
726710
727055
727096
727153
727212
727659
727715
727781
727837
728309
728455
728497
728502
728697
729136
729429
729438
729456
729496
729546
730704
730877
730920
731293
731434
731615
731966
732775
732948
733565
734080
734512
735165
735478
735505
735602
735660
736288
736495
736634
736776
736896
737201
737313
737560
738101
738142
738259
739302
739609
739680
739734
739895
740369
740573
740777
740856
740931
740997
741208
741338
741861
741939
742139
742421
742779
743545
743569
744305
744443
744738
745221
745405
745456
745692
746001
746133
746183
746444
746448
746694
746727
746863
747288
747439
747483
747547
747713
747779
747802
748049
748124
748289
748309
748786
748845
749115
749387
749400
749409
749601
749609
749637
749720
750240
750454
750652
750656
750955
751317
751405
751722
751728
751803
751911
752112
752118
752187
752233
752375
752412
752660
753162
753224
753595
753683
753904
754396
754424
754845
756011
756170
756215
756292
756615
756651
756780
756820
757248
757382
757722
757838
760434
761383
761838
762121
762707
762713
762984
763170
763856
764285
764661
765517
765633
765814
765822
765923
766575
767485
767765
768575
769815
769906
769909
770766
771035
771220
772547
772573
773132
774583
774589
774621
776972
776976
777087
777371
777671
778665
779054
779272
780294
780486
780548
781560
782603
782664
783794
784031
784602
784709
785411
785729
786534
786732
786790
786969
787099
787114
789447
789721
790024
791801
792542
792567
794026
794072
794182
795052
797551
797668
802461
803978
806243
806774
807846
808561
810184
810974
812535
812767
813236
814158
815249
815410
815726
815750
815753
815818
815819
815825
816321
816422
816425
816759
816798
816826
816829
817281
818405
819677
821413
821701
823288
823560
825490
825754
826575
826589
827023
827134
827135
827149
827218
827518
827742
827775
827792
828130
828341
828410
828879
829348
829492
829540
829689
829909
830308
830331
830337
830450
830538
830560
830634
830852
831474
831530
831709
831968
832266
833065
833228
834459
834903
835023
835051
835520
835884
836057
836133
836270
837138
837171
837174
837182
837393
837512
837543
837619
837721
837787
837795
837859
838625
839508
839659
840211
840376
840492
840507
840545
840646
840665
840829
841184
841215
841249
841267
841282
841423
841440
841571
841628
841798
841933
841989
842052
842083
842112
842175
842271
842311
842397
842623
842664
842792
842956
843900
843909
843915
843926
843941
843946
843958
844342
844421
844613
844937
844947
845132
845477
845698
845712
845777
846094
846270
846316
846376
846451
846865
847034
847301
847526
847600
847731
848056
848197
848343
848354
848369
848501
848512
848929
848960
849194
849311
849697
849763
849798
849953
850102
850204
850667
851111
851147
851162
851782
851824
851986
852117
852143
852163
852175
852372
852376
852574
852732
852989
853085
853178
853622
853735
853949
854022
854457
854623
854648
854807
854836
854995
855091
855270
855786
855855
856020
856251
856548
856681
856711
856741
856887
857089
857538
857638
857667
858318
858330
858436
858571
858576
858790
859557
860372
860451
860589
860641
861182
861493
861681
861699
862597
863109
863119
863221
863247
863679
863944
864306
864438
864650
864826
865132
865811
865859
865909
867147
867226
867707
867917
868430
868557
868954
872181
872745
873442
873761
874405
874586
874803
875490
875744
875797
875948
876215
876391
877496
877674
877848
877884
878062
878226
878249
878333
878445
878985
879074
879295
880363
882097
885621
886292
889766
889796
891130
893745
894382
896441
896902
897359
897511
897817
898215
898218
898407
898432
898579
898610
898674
898786
898830
898982
898983
899002
899260
899314
899363
899381
899397
899628
899903
900457
900621
900945
901305
901520
901704
902144
902410
902638
903165
903322
903453
903820
904015
904158
904447
904653
904756
904802
904892
905186
905258
905648
905726
905750
905896
905929
906297
906321
906492
907356
908074
908093
908822
908917
909115
909609
909719
909882
910172
910277
910816
911098
911365
911386
911608
912034
912142
912512
912741
912751
912796
913270
913401
913510
913668
913856
914099
914148
914425
914661
914898
915425
915841
916398
916412
917098
917182
917260
917284
917293
917357
917714
917912
918036
918202
918230
918270
918385
919060
919072
919283
920870
922411
922927
923020
925092
926217
926295
927202
927234
927277
927389
927629
927885
928345
928697
929806
929833
929923
930164
930930
931884
932420
932586
932633
933126
933382
933716
933758
933949
934008
935268
935723
935780
936055
936382
936481
937076
937691
937737
938102
938107
938185
938319
938438
938560
938616
938957
939316
939616
940923
941251
941770
941796
942582
943313
944016
944090
944584
946130
946580
947015
947965
948482
948732
948806
949694
949973
950591
950667
950799
951349
951504
951781
952064
952521
953045
955005
955020
955276
955464
956165
956214
957729
958255
958261
958448
958797
958938
959042
959207
959524
959782
959790
960844
961326
961466
962115
962756
964401
964507
967103
969021
969143
969610
970208
971136
971275
972132
972417
973453
973524
973685
974135
974732
974850
974869
975137
975684
975872
975944
977628
977693
977766
978497
979168
979207
979507
979564
979682
980926
987080
988299
988343
988405
988594
989265
989364
990062
992350
993274
996839
999259
1000370
1003030
1003292
1003460
1005490
1006348
1006733
1009343
1009796
1010173
1016605
1020887
1028149
1028181
1029907
1033891
1034045
1034736
1034864
1034955
1036696
1037363
1038158
1039099
1039500
1039642
1043197
1043387
1043452
1044853
1045739
1046151
1046291
1046879
1047080
1047513
1048589
1051598
1051729
1051761
1051772
1051868
1052890
1053267
1053933
1053936
1053988
1054254
1054283
1054330
1054722
1055307
1055732
1055894
1056194
1056617
1056756
1057095
1057850
1058236
1060577
1061140
1061379
1061648
1061675
1062022
1062245
1064131
1064904
1065742
1066061
1066218
1066311
1066582
1067203
1067529
1068288
1068559
1068711
1068715
1068725
1068997
1069045
1069627
1069866
1069891
1069936
1070211
1071710
1072111
1072512
1073340
1074467
1074839
1075885
1075923
1075998
1076078
1076087
1076105
1076248
1076349
1076426
1076486
1076567
1077064
1078351
1078480
1078683
1079418
1081013
1081988
1082523
1083936
1086440
1086824
1088156
1088789
1089663
1090224
1091654
1092563
1092673
1092924
1093232
1093742
1093967
1094192
1094394
1094542
1094637
1095335
1096614
1097688
1098174
1100466
1102102
1104153
1104973
1105024
1106345
1106575
1107656
1108931
1109871
1110684
1111404
1112477
1112495
1112537
1112977
1114852
1114972
1115038
1115187
1115474
1115699
1115882
1116618
1117368
1118529
1118643
1120570
1120908
1121481
1121544
1121749
1122485
1123037
1123139
1123301
1123855
1124012
1124154
1124198
1124286
1124546
1124606
1124813
1124899
1125160
1125429
1125648
1126637
1126769
1126831
1126894
1127109
1127188
1128169
1128180
1128259
1128397
1128431
1129007
1129121
1129338
1129340
1129353
1129707
1129902
1130194
1130265
1130465
1130698
1131260
1131262
1131737
1131786
1132108
1132131
1133125
1133152
1133157
1133569
1134650
1134718
1134763
1134814
1135142
1135326
1135563
1136213
1136310
1136347
1136816
1136935
1136940
1136950
1137295
1137321
1137767
1138244
1138584
1138590
1138737
1138868
1139400
1139684
1139740
1140487
1140794
1141026
1141055
1141430
1141436
1141803
1141979
1142548
1143379
1143556
1143847
1144638
1145653
1145982
1146335
1147007
1147086
1147299
1147377
1147795
1147806
1147908
1148359
1149547
1150207
1151014
1151419
1153284
1154055
1154231
1154774
1154848
1155875
1156651
1157761
1159288
1159457
1159870
1160650
1160695
1161138
1161355
1161827
1162164
1162276
1162694
1163090
1163299
1163324
1163768
1163963
1163981
1164661
1164665
1165363
1165392
1165788
1166142
1166618
1172468
1172934
1174221
1174791
1175826
1177156
1178894
1181120
1181170
1181491
1181969
1183753
1184268
1184854
1184987
1186954
1187201
1188550
1192040
1192868
1193699
1194146
1195304
1195325
1196254
1198391
1198413
1199441
1199735
1200314
1200406
1200889
1202190
1203109
1203182
1203442
1205421
1206895
1207367
1207493
1207909
1208467
1208917
1209085
1209168
1209419
1209743
1210580
1211062
1211548
1213296
1214249
1217016
1217321
1218293
1219805
1221354
1221899
1224402
1224770
1224928
1225396
1225449
1228250
1228895
1228929
1229994
1230314
1230789
1231177
1233475
1233836
1234713
1238887
1244890
1246370
1248576
1248784
1251065
1255366
1257115
1259917
1261499
1262090
1262438
1263617
1263816
1265311
1266615
1267283
1268528
1270388
1273786
1274115
1274479
1275301
1275334
1276062
1277348
1277475
1277524
1277694
1278452
1278788
1281709
1284946
1286701
1293150
1294142
1294787
1295316
1297532
1297719
1301203
1302156
1303738
1307404
1309100
1310580
1310967
1316289
1317786
1318897
1320428
1322065
1322134
1323002
1323289
1324654
1325045
1326430
1326691
1326770
1328366
1331926
1332178
1334300
1334834
1335086
1335189
1337813
1337995
1338159
1338164
1338798
1339127
1339539
1339864
1340108
1340669
1340805
1343038
1343609
1343674
1344645
1344812
1344835
1344963
1345659
1346016
1346023
1346753
1347293
1347572
1348567
1349130
1349538
1349660
1351925
1353169
1353213
1356874
1358144
1361756
1362251
1362402
1362453
1362864
1363634
1363732
1363738
1363925
1364712
1364904
1364934
1365258
1365309
1365664
1366172
1367176
1367304
1367850
1368898
1369020
1369140
1369832
1370346
1370714
1371624
1371704
1373376
1377153
1377204
1378776
1383171
1384878
1384913
1385463
1385716
1388855
1389965
1390277
1393741
1394389
1394849
1395931
1396085
1398958
1401767
1402114
1403016
1404923
1407263
1409116
1409141
1410539
1410769
1410794
1410808
1411716
1411766
1411783
1411858
1412436
1412527
1412807
1413038
1413095
1413277
1414474
1414765
1415022
1415049
1415106
1415772
1416696
1417288
1420139
1420643
1420778
1421436
1421738
1422068
1423167
1423517
1423683
1424880
1425077
1425577
1426433
1426912
1427822
1427962
1428001
1428943
1430008
1430154
1430358
1430622
1431110
1431311
1431981
1433212
1434924
1435724
1436099
1436734
1437042
1437299
1439803
1440281
1444550
1450516
1451381
1453923
1454489
1455196
1455249
1455662
1455965
1456832
1456974
1458216
1458306
1458465
1458538
1458918
1462309
1463001
1464870
1467339
1468853
1468865
1469679
1469987
1470140
1472065
1472444
1473034
1473346
1475097
1475448
1475455
1476027
1477782
1479494
1479681
1485951
1494682
1495657
1496410
1498246
1501272
1501364
1501536
1501543
1502119
1502702
1502869
1503735
1505601
1506986
1509074
1510761
1510899
1515727
1517875
1519657
1520069
1521549
1522565
1524166
1524708
1527023
1527852
1527888
1529373
1531066
1531518
1534839
1535730
1536680
1539031
1541064
1542842
1542886
1543015
1543464
1543778
1544032
1544797
1545288
1545308
1546149
1546695
1547114
1549032
1549204
1550449
1551574
1553000
1553850
1553921
1566692
1570161
1570179
1570255
1570600
1570745
1571520
1572519
1572854
1573593
1577202
1577380
1577579
1578069
1578310
1580145
1580844
1583606
1584291
1584348
1585730
1586088
1587577
1591288
1606571
1607478
1607983
1610966
1615191
1616064
1616828
1620444
1621080
1622829
1623006
1625796
1626940
1628266
1632256
1632552
1633866
1634800
1634879
1636205
1637920
1639236
1640292
1640860
1640998
1641007
1641241
1642040
1642255
1643652
1644573
1647118
1648922
1649253
1650562
1650915
1652093
1656724
1660351
1663522
1663653
1665188
1669589
1670363
1671076
1672074
1674081
1674860
1674861
1675957
1676845
1679542
1681353
1684811
1686903
1690672
1707432
1709478
1710033
1710684
1712140
1714245
1714336
1719546
1723262
1728629
1733207
1734755
1738714
1744607
1747618
1747649
1748750
1750812
1751358
1751597
1752291
1752305
1752346
1752500
1753339
1753397
1755225
1756474
1756525
1757427
1758393
1758647
1759385
1759554
1760972
1761269
1761451
1761818
1762403
1762486
1763092
1765564
1765801
1769805
1770743
1771460
1771937
1772886
1773974
1777213
1778552
1778725
1778821
1780190
1781198
1785462
1785791
1786161
1789540
1790469
1796457
1797320
1798450
1801790
1805763
1807353
1811518
1815901
1819368
1821239
1821559
1822939
1827102
1827425
1842687
1842924
1844555
1850816
1852039
1852785
1855859
1856781
1857193
1860507
1862087
1862475
1862793
1862879
1865281
1868462
1869874
1878682
1882338
1884043
1884152
1888684
1891209
1891441
1893186
1893471
1894248
1897247
1897725
1898432
1899048
1902558
1908419
1909343
1914017
1918524
1928938
1929688
1930187
1930355
1931354
1932115
1933248
1935489
1935609
1938414
1944060
1947278
1962634
1964693
1968264
1973406
1973610
1974847
1974989
1978435
1980609
1983841
1983992
1986297
1988917
1989369
1990797
1991663
1992236
1995164
1996210
1996467
1998874
1999843
2000344
2001500
2001895
2002035
2002401
2003221
2003852
2004963
2011843
2015382
2016490
2024568
2029863
2033891
2035032
2035074
2035198
2037332
2038843
2039061
2040803
2043282
2045692
2046342
2052084
2052951
2056335
2061186
2062000
2065736
2066131
2066669
2066824
2069494
2072238
2073387
2077256
2085267
2086136
2086472
2089089
2089763
2091563
2095549
2095894
2102979
2111958
2116083
2118871
2119376
2121324
2122216
2125865
2135073
2138622
2138822
2140269
2141048
2144423
2147360
2164304
2164653
2165919
2166096
2167171
2177169
2180552
2185042
2186896
2187084
2188702
2193887
2204833
2210319
2237198
2237467
2247074
2247340
2248370
2248707
2249149
2250271
2250654
2254571
2255147
2257083
2258043
2258363
2259532
2260434
2260521
2261713
2261763
2264329
2264409
2264864
2265137
2266278
2266329
2267821
2268958
2272055
2272140
2277510
2280470
2282887
2283886
2285545
2285982
2289465
2289594
2290646
2291081
2291130
2291764
2294130
2295879
2297853
2303322
2303951
2305675
2305951
2306782
2306877
2307256
2308141
2308254
2309931
2312472
2314823
2316086
2324820
2325443
2326055
2333121
2333293
2337737
2341200
2343082
2344279
2344415
2344569
2345364
2346039
2346201
2346390
2347178
2348608
2351666
2352767
2353265
2353903
2353993
2361541
2361869
2361901
2382402
2386606
2397164
2398397
2404985
2406073
2411408
2414117
2423314
2424752
2428509
2431125
2438447
2438930
2443822
2445409
2449884
2452548
2453464
2457669
2466273
2466334
2466790
2467781
2470676
2472587
2477440
2481478
2481895
2482068
2483208
2483698
2485448
2485903
2486226
2487358
2487696
2488364
2490358
2494008
2511864
2512051
2513013
2515387
2515606
2517379
2518716
2519022
2519156
2519447
2519471
2520684
2526135
2526255
2527021
2530200
2533016
2535546
2537632
2542563
2543031
2543932
2544599
2549249
2549301
2555376
2556927
2560905
2560959
2569164
2570381
2573513
2574384
2574750
2577826
2578278
2583311
2583685
2585724
2594302
2596334
2596619
2600111
2605552
2608426
2610088
2610446
2614483
2619032
2620112
2620373
2627975
2628603
2628882
2630687
2630964
2634782
2635894
2635964
2639719
2642015
2642779
2642975
2661898
2665156
2684060
2690965
2695148
2699488
2699803
2703920
2705075
2707058
2707485
2707831
2709660
2710535
2715121
2719350
2720217
2721649
2722350
2724438
2726691
2727213
2734385
2735576
2737457
2738523
2738842
2740624
2751559
2754884
2755522
2760651
2762418
2763408
2779687
2780343
2792446
2817058
2826790
2830455
2851773
2855609
2857311
2857578
2860111
2861470
2864132
2864673
2866472
2872553
2874631
2887187
2890201
2894162
2897382
2904237
2904650
2919366
2930613
2936421
2937973
2941187
2941663
2945123
2947665
2956218
2972936
2975244
2981904
2986700
2994764
2995853
3012465
3013486
3025883
3043226
3055388
3066928
3067125
3068471
3073738
3075300
3091361
3092486
3099761
3112656
3118248
3122657
3135825
3149975
3152839
3184966
3186859
3190192
3196867
3210331
3235597
3236003
3238131
3246226
3247902
3257290
3260103
3267025
3274922
3275718
3281534
3281788
3294789
3297461
3297473
3299158
3303170
3312693
3314483
3320577
3327016
3330467
3331045
3335327
3341285
3350685
3354732
3356933
3358290
3359388
3363340
3374400
3374689
3388050
3389300
3398227
3400787
3403397
3407649
3410794
3414300
3427665
3427772
3427800
3432020
3461031
3464673
3467678
3490294
3491114
3491532
3497496
3498796
3503092
3506900
3515480
3516404
3518842
3520398
3541176
3541444
3546121
3552958
3557920
3558938
3563474
3564543
3565868
3578066
3603162
3603871
3604074
3604096
3604120
3604167
3604197
3604263
3604548
3604650
3604740
3604761
3604805
3604806
3605194
3605234
3605235
3605954
3606164
3606173
3606181
3606440
3606536
3606845
3607207
3611800
3612358
3612604
3612657
3613154
3613437
3613619
3613968
3614296
3614419
3614431
3614432
3614481
3614936
3614970
3614989
3614992
3615029
3615100
3617331
3618056
3618156
3618158
3618413
3618632
3618725
3618752
3620432
3620442
3620446
3620576
3620749
3620778
3620803
3620804
3620849
3620854
3621218
3621307
3621603
3621631
3621670
3621673
3622208
3623086
3624106
3624108
3624132
3624137
3624145
3624149
3624153
3624161
3624338
3624451
3624458
3624800
3624911
3625540
3625543
3625549
3625580
3625642
3625664
3627256
3627314
3627351
3627546
3628217
3629006
3629049
3629141
3629174
3629190
3629325
3629327
3629340
3629401
3629538
3630415
3630520
3630536
3630638
3630824
3630830
3630877
3630888
3630902
3630946
3631015
3631125
3631250
3631254
3631274
3631465
3631467
3631469
3631501
3631526
3631528
3631529
3631532
3631536
3631537
3631544
3632898
3633311
3633315
3633794
3633799
3633804
3633817
3634990
3635185
3635615
3635825
3636283
3636290
3636414
3636433
3637213
3637810
3638001
3638132
3638134
3639228
3639461
3639694
3639847
3639882
3639926
3642152
3642224
3642225
3643037
3643319
3643329
3643389
3644776
3645358
3647097
3647164
3649191
3649323
3649349
3649511
3649622
3649787
3650022
3650091
3650491
3650501
3650511
3650692
3651087
3651290
3651321
3655084
3655102
3655340
3655341
3655520
3655647
3655673
3655716
3655855
3656486
3656647
3656648
3656652
3656861
3656874
3656880
3656898
3656899
3656995
3657274
3657850
3658237
3658274
3658284
3658615
3660215
3660407
3660483
3660826
3660858
3660948
3661326
3661547
3661606
3661972
3663255
3663333
3663436
3663785
3663835
3663993
3664215
3664635
3664916
3665183
3665601
3665611
3665635
3667186
3667281
3674736
3674750
3675026
3675161
3675172
3675177
3676615
3677239
3677433
3677534
3677899
3678186
3678395
3678589
3678788
3679666
3680324
3680538
3680664
3680739
3680745
3680952
3682401
3682414
3682564
3682612
3682713
3682934
3682936
3683301
3683451
3683460
3683627
3683680
3683769
3684391
3684592
3684598
3684762
3684879
3684973
3685049
3685051
3685080
3685305
3685357
3686227
3686259
3686301
3686302
3686312
3686320
3686323
3686422
3686439
3686468
3686473
3686479
3686618
3686640
3686692
3686698
3686706
3686723
3686783
3686931
3686942
3686970
3686976
3687203
3687205
3687258
3687264
3687266
3687335
3687347
3687385
3687418
3687557
3687675
3687732
3687737
3687740
3688841
3688870
3688941
3689119
3689160
3689176
3689177
3689244
3689317
3689408
3689704
3689714
3690006
3690025
3693736
3693739
3694036
3694052
3694064
3694429
3694569
3695759
3695844
3695913
3695916
3696370
3696503
3696824
3696889
3696891
3696894
3696897
3696982
3696984
3697053
3697187
3697306
3697781
3697805
3697991
3698306
3699085
3699346
3699661
3702258
3702430
3702963
3702971
3702974
3703810
3704438
3704445
3704598
3704746
3704767
3704952
3704956
3704963
3704972
3705037
3705105
3705147
3705307
3705329
3705506
3705558
3705559
3705560
3705761
3705861
3705876
3706135
3706324
3706500
3706509
3706539
3706545
3706550
3706616
3706662
3706669
3706831
3706922
3706991
3707342
3707395
3707604
3708971
3708990
3709034
3709044
3709050
3709056
3709057
3709059
3709060
3709072
3709080
3709101
3709123
3709126
3709132
3709141
3709143
3709144
3709147
3709150
3709222
3709333
3709401
3709993
3710009
3710032
3710059
3710255
3710380
3710439
3710444
3711776
3712153
3712199
3712211
3712426
3712466
3712480
3712488
3712611
3712643
3712793
3713308
3713969
3714125
3714432
3714505
3714546
3715152
3715296
3715809
3716965
3718389
3718397
3718690
3719174
3719175
3719176
3719288
3719391
3719879
3719881
3719890
3719892
3720226
3721105
3721925
3721927
3721947
3721958
3721985
3722110
3722112
3722987
3723584
3724031
3724101
3724133
3724584
3724761
3724930
3725240
3725254
3725412
3725528
3726221
3726237
3726242
3726327
3726827
3726893
3726951
3727470
3730702
3730867
3730888
3730904
3731146
3731282
3731836
3732585
3732757
3732893
3732958
3733244
3733246
3733304
3733315
3733463
3733466
3733605
3733694
3733778
3735264
3735729
3736436
3736439
3737471
3738164
3738334
3738690
3739190
3739222
3739605
3740283
3740492
3740641
3740872
3741966
3742346
3742814
3742829
3744303
3744304
3744928
3745482
3745495
3745515
3745544
3745632
3745638
3745923
3746555
3746866
3747280
3748406
3748452
3748908
3748952
3748958
3748963
3749258
3749478
3749578
3752337
3752477
3753514
3753525
3753805
3754411
3754837
3757576
3758038
3758603
3758615
3758801
3759516
3760133
3760314
3760328
3760341
3760348
3761185
3761365
3761378
3761735
3762358
3764484
3764932
3765912
3766171
3769143
3769187
3769197
3769198
3769201
3769204
3769206
3769886
3769887
3771700
3772332
3772461
3772547
3772583
3773986
3774054
3774276
3775680
3775920
3777138
3777285
3778226
3778823
3778853
3782728
3791797
3791895
3796380
3796385
3796387
3796686
3796727
3796891
3796917
3796941
3796950
3796956
3796957
3796958
3796965
3796968
3796976
3796978
3797043
3797511
3797515
3797810
3797847
3797861
3797863
3798300
3798389
3798618
3798641
3798668
3798687
3798990
3799105
3799107
3799268
3799440
3799451
3800491
3800519
3800538
3800659
3800691
3800748
3800808
3800914
3800950
3801340
3801558
3801563
3801592
3801658
3801856
3802137
3802142
3802143
3802424
3803139
3803564
3803866
3803891
3804625
3813280
3815557
3825576
3826621
3826921
3826946
3827082
3827429
3827555
3827680
3828000
3828091
3828104
3828229
3829287
3829736
3829739
3829743
3829764
3829768
3829809
3829851
3829945
3830038
3830894
3831116
3831133
3831138
3831139
3831141
3831194
3831748
3831750
3831756
3831846
3832498
3832867
3832888
3832889
3832975
3833033
3833292
3834436
3834982
3835977
3837526
3839081
3840065
3842029
3842033
3842112
3842614
3843060
3843144
3843227
3843245
3843246
3843304
3843894
3844394
3844878
3844957
3845304
3849986
3850696
3850823
3851642
3851650
3851783
3851946
3851948
3853455
3853692
3853780
3854491
3854738
3854776
3855137
3855147
3855250
3855422
3855585
3855614
3855624
3855885
3856953
3858224
3858356
3858597
3858598
3859401
3859402
3859407
3859450
3859460
3859715
3859789
3859794
3860262
3860307
3860689
3862844
3862957
3865995
3866242
3866303
3866431
3866583
3866609
3866611
3866984
3867058
3867368
3867556
3867559
3868610
3868620
3868634
3868655
3868735
3868950
3870487
3873164
3873442
3873450
3874253
3875057
3875942
3877371
3877594
3877953
3878786
3879083
3879325
3879412
3879927
3879929
3880445
3880447
3880702
3881190
3881579
3881729
3882119
3882186
3882292
3882425
3882459
3882776
3883869
3883917
3884241
3884391
3884393
3885110
3885129
3885626
3885688
3885844
3885859
3886338
3886502
3886690
3886786
3886820
3886938
3888879
3888880
3889390
3891712
3891758
3893105
3893302
3893344
3895227
3895355
3895813
3896345
3896611
3896623
3896851
3897306
3897680
3897918
3897927
3897928
3897957
3898334
3898433
3898741
3898900
3898997
3899001
3899210
3899697
3899750
3899778
3899822
3899903
3900012
3900540
3900662
3901962
3901990
3902573
3902715
3903591
3904986
3905624
3905897
3905902
3905903
3906149
3906166
3906795
3906961
3906966
3906975
3907205
3907362
3907427
3907552
3907567
3907572
3907573
3907715
3908179
3908399
3909548
3909896
3909940
3910095
3911174
3911187
3911216
3911257
3911261
3911347
3914781
3916071
3921659
3921976
3922057
3922060
3922070
3922089
3922092
3922189
3922313
3922336
3922340
3922341
3922396
3922408
3922418
3922456
3922462
3922672
3922674
3922820
3922835
3924040
3924059
3924157
3924248
3924257
3924953
3925243
3925253
3925256
3925267
3925272
3925847
3925879
3925959
3925961
3926045
3926688
3927800
3927857
3928523
3928862
3929317
3930263
3930265
3930266
3930267
3930268
3930281
3930289
3930592
3931170
3931312
3931388
3931491
3931492
3931501
3931504
3931505
3931521
3931798
3931801
3931959
3932010
3932025
3932142
3932265
3932301
3932924
3932927
3932940
3933305
3933403
3933482
3933484
3933512
3933526
3933541
3933816
3933953
3934728
3935143
3935307
3935308
3935386
3935810
3935829
3935973
3936058
3936135
3936365
3936385
3936397
3936403
3936417
3936439
3936488
3937046
3937367
3937858
3941719
3941737
3942748
3944308
3944506
3945471
3946267
3948432
3948592
3949298
3949837
3950147
3950487
3950596
3950773
3951600
3951823
3951885
3952340
3952432
3952659
3952697
3952719
3952726
3952761
3953117
3953215
3953356
3954399
3954400
3954401
3954990
3955396
3955401
3955624
3955700
3955705
3955706
3955711
3958076
3958099
3958715
3960249
3960987
3961428
3961444
3961913
3961917
3961942
3961950
3962115
3962157
3962176
3963048
3963807
3963813
3963858
3963939
3964026
3964029
3964181
3964359
3964483
3964709
3964717
3965309
3965917
3966090
3966104
3966119
3966120
3966429
3966444
3966519
3966548
3966586
3966655
3966779
3966825
3966967
3967020
3967364
3967429
3967687
3968019
3968147
3968500
3968562
3968564
3968567
3968610
3968626
3968632
3968714
3972943
3973051
3974152
3974410
3974659
3975607
3975697
3975904
3976012
3976173
3976243
3976525
3976571
3976722
3977449
3978059
3980025
3980026
3980124
3980595
3981394
3982036
3982343
3982348
3982352
3982360
3982361
3982484
3982809
3982994
3983460
3984000
3984032
3984128
3984488
3984575
3985196
3985227
3985332
3987314
3991766
3991795
3993008
3995079
3995873
3995996
3997103
3997108
3997183
3997545
3997708
3997741
3997752
3997864
3997950
3997973
3998221
3998425
3998645
3998695
3998936
3998966
4000573
4000620
4002522
4002528
4002656
4002675
4002710
4003020
4006628
4006818
4008562
4008666
4008956
4009193
4009456
4009499
4009556
4009758
4009988
4009991
4010289
4010477
4011058
4011416
4011730
4013015
4013818
4014803
4014913
4015002
4015746
4016127
4022354
4023774
4024200
4024758
4027534
4055684
4069073
4105337
4115331
4116214
4122235
4162411
4164507
4198907
4209223
4282505
4350816
4373292
4394526
4439229
4440067
4440864
4489420
4517638
4540608
4544683
4590027
4593291
4594605
4657754
4667072
4678337
4681306
4737759
4739805
4817362
4832012
4842931
4867740
4868296
4869079
4932206
4959031
4979192
4989906
4991371
5070208
5075347
5075435
5094647
5107861
5167661
5185279
5189153
5190255
5207064
5232052
5254470
5272465
5282608
5284418
5357120
5398059
5410500
5431887
5469935
5498822
5507613
5554853
5688248
5778278
5780228
5834964
5871222
5871396
5915321
5928045
5950118
5962346
5967378
5970087
5982337
6122027
6149036
6185405
6399258
6422240
6423963
6452285
6452533
6473911
6484949
6491313
6497539
6498398
6498477
6500754
6500960
6501052
6501139
6501148
6501221
6501338
6501447
6502151
6509517
6534113
6582994
6583695
6584340
6585139
6587194
6593274
6609574
6656244
6803767
6869278
6882870
6896909
6999902
7037230
7046704
7213683
7214166
7217716
7221222
7224565
7281191
7327674
7339727
7391292
7397685
7415384
7449956
7471982
7475020
7481907
7601703
7602915
7618284
7661124
7661933
7692360
7704180
7757581
7884789
8031122
8067100
8083174
8084905
8120423
8121255
8180985
8346360
8346457
8380731
8430848
8479428
8514257
8705269
8867089
9026959
9302191
9430213
9591034
10268366
10503138
10576855
10578205
10578674
10665800
10701282
10749030
10779529
10832211
10832530
10838892
10860654
10861030
10863074
10880526
10953913
10956917
10966498
10981881
11177640
11182911
11202319
11326182
11372926
11392181
11475544
11680067
11681869
11683175
11692610
11723218
11946202
12014207
12053109
12053830
12059906
12151382
12177437
12252383
12269727
12831143
12981934
13099270
13099586
13100823
13107493
13174712
13221542
13222309
13225804
13231188
13392508
14623204
14645593
14915043
15041720
15192579
15250646
15408473
